30.0002 777 2 10 G.711 2 0 0.00379058 242833
30.0002 777 4 10 G.711 2 0 0.00398154 212681
30.0001 777 6 10 G.711 2 0 0.00428382 205324
30 777 8 10 G.711 2 0 0.00514414 174944
30 777 10 10 G.711 2 0 0.00575038 164115
30.0002 777 12 10 G.711 2 0 0.00659916 139560
30.0001 777 14 10 G.711 2 0 0.00789762 113551
30.0001 777 16 10 G.711 2 0 0.0102829 94472.6
30.0001 777 18 10 G.711 2 0 0.0119646 77962.2
30.0001 777 20 10 G.711 2 0 0.020528 25742.7
30 777 22 10 G.711 2 0 0.0329831 28250
30.0001 777 24 10 G.711 2 0 0.0075923 3827.12
24.5351 777 26 10 G.711 2 0 0.00462153 5141.14
15.0404 777 28 10 G.711 2 0 0.13977 2878.43
