30.0002 777 2 10 G.711 2 0 0.000642994 0.0199983 126033 0
30.0002 777 4 10 G.711 2 0 0.000991998 0.0199991 254627 0.000358938
30.0001 777 6 10 G.711 2 0 0.000684769 0.0199927 376410 0
30 777 8 10 G.711 2 0 0.00104337 0.0199944 503314 0.00018162
30 777 10 10 G.711 2 0 0.00085548 0.0199966 629576 0
30.0002 777 12 10 G.711 2 0 0.000940269 0.0199941 753504 6.06649e-05
30.0001 777 14 10 G.711 2 0 0.00123229 0.0199938 879311 0.000103966
30.0001 777 16 10 G.711 2 0 0.00131277 0.0199957 1.00283e+06 0
30.0001 777 18 10 G.711 2 0 0.00111342 0.0199946 1.12964e+06 4.04662e-05
30.0001 777 20 10 G.711 2 0 0.324176 0.0212583 1.18742e+06 0.0604088
30 777 22 10 G.711 2 0 0.0673477 0.020808 1.32805e+06 0.0396999
30.0001 777 24 10 G.711 2 0 2.7684 0.0262772 1.0037e+06 0.333515
