10 777 25 10 G.711 2 0.001 0.148167 4301.98
10.0003 777 25 10 G.711 2 0.001 0.00701998 6391.75
10.0003 777 25 10 G.711 2 0.001 0.00291436 8591.72
10.0001 777 25 10 G.711 2 0.001 0.00501943 6800.95
10.0002 777 25 10 G.711 2 0.001 0.0105923 14966.6
10 777 25 10 G.711 2 0.001 0.0280072 15459.9
10.0002 777 25 10 G.711 2 0.001 0.0104312 6660.87
10 777 25 10 G.711 2 0.001 0.00659148 15161.9
10.0003 777 25 10 G.711 2 0.001 0.00689866 9668.7
10 777 25 10 G.711 2 0.001 0.00620101 11858
10.0002 777 25 10 G.711 2 0.001 0.00870276 7093.81
10.0002 777 25 10 G.711 2 0.001 0.00553439 13936.7
10.0002 777 25 10 G.711 2 0.001 0.00620305 12442.7
10.0001 777 25 10 G.711 2 0.001 0.0138183 9609.85