10 777 25 10 G.711 2 0.001 0.0206509 0.0207126 775516 0.481992 4
10.0003 777 25 10 G.711 2 0.001 0.046437 0.019701 827167 0.447472 5
10.0003 777 25 10 G.711 2 0.001 0.0240286 0.0200447 780775 0.470601 6
10.0001 777 25 10 G.711 2 0.001 0.0185218 0.0199866 978393 0.348845 7
10.0002 777 25 10 G.711 2 0.001 0.0171588 0.0199705 974052 0.347411 8
10 777 25 10 G.711 2 0.001 0.025229 0.0198508 1.03215e+06 0.307981 9
10.0002 777 25 10 G.711 2 0.001 0.0274922 0.0199994 1.01838e+06 0.310401 10
10 777 25 10 G.711 2 0.001 0.0409565 0.0199863 1.18495e+06 0.196398 11
10.0003 777 25 10 G.711 2 0.001 0.0362525 0.0199884 1.21388e+06 0.195355 12
10 777 25 10 G.711 2 0.001 0.0245381 0.0199954 1.15936e+06 0.230867 13
10.0002 777 25 10 G.711 2 0.001 0.0340141 0.0199907 1.23085e+06 0.195377 14
10.0002 777 25 10 G.711 2 0.001 0.0226198 0.0199739 1.14333e+06 0.232356 15
10.0002 777 25 10 G.711 2 0.001 0.0571427 0.0199837 1.31724e+06 0.120688 16
