30.0002 777 2 10 G.711 2 0.01 0.00379058 242833
30.0002 777 4 10 G.711 2 0.01 0.00398154 212681
30 777 6 10 G.711 2 0.01 0.00412975 208956
30.0001 777 8 10 G.711 2 0.01 0.00490457 182032
30 777 10 10 G.711 2 0.01 0.00575038 164115
30.0002 777 12 10 G.711 2 0.01 0.00659916 139560
30.0003 777 14 10 G.711 2 0.01 0.00601804 141517
30.0001 777 16 10 G.711 2 0.01 0.0102829 94472.6
30.0003 777 18 10 G.711 2 0.01 0.00743879 117445
30.0002 777 20 10 G.711 2 0.01 0.0143099 66512.1
30 777 22 10 G.711 2 0.01 0.0195579 51589.4
30.0002 777 24 10 G.711 2 0.01 0.0141405 68864.7
30 777 26 10 G.711 2 0.01 0.0109365 84756.7
30.0001 777 28 10 G.711 2 0.01 0.010956 80267.6
30.0002 777 30 10 G.711 2 0.01 0.0131091 78639.1
30.0002 777 32 10 G.711 2 0.01 0.0123599 83466.8
30.0002 777 34 10 G.711 2 0.01 0.0094853 96752.6
30.0003 777 36 10 G.711 2 0.01 0.0145726 70120.2
30 777 38 10 G.711 2 0.01 0.0140598 77182.7
30.0002 777 40 10 G.711 2 0.01 0.0098091 97748.8
