30.0002 777 2 10 G.711 2 0.01 0.000642994 0.0199983 126033 0
30.0002 777 4 10 G.711 2 0.01 0.000991998 0.0199991 254627 0.000358938
30 777 6 10 G.711 2 0.01 0.000676187 0.0199979 313600 0.166869
30.0001 777 8 10 G.711 2 0.01 0.00102079 0.019993 440318 0.125318
30 777 10 10 G.711 2 0.01 0.00085548 0.0199966 629576 0
30.0002 777 12 10 G.711 2 0.01 0.000940269 0.0199941 753504 6.06649e-05
30.0003 777 14 10 G.711 2 0.01 0.000809491 0.0199965 754690 0.14181
30.0001 777 16 10 G.711 2 0.01 0.00131277 0.0199957 1.00283e+06 0
30.0003 777 18 10 G.711 2 0.01 0.000852131 0.0199955 943394 0.1649
30.0002 777 20 10 G.711 2 0.01 0.00167603 0.0199968 1.13828e+06 0.0992946
30 777 22 10 G.711 2 0.01 0.00144328 0.0199947 1.25824e+06 0.0901759
30.0002 777 24 10 G.711 2 0.01 0.00252 0.0199958 1.02783e+06 0.317508
30 777 26 10 G.711 2 0.01 0.00166922 0.0199943 1.00722e+06 0.383019
30.0001 777 28 10 G.711 2 0.01 0.00124644 0.0199969 1.08351e+06 0.385895
30.0002 777 30 10 G.711 2 0.01 0.00194075 0.0199966 1.07766e+06 0.429974
30.0002 777 32 10 G.711 2 0.01 0.00137884 0.019998 1.15236e+06 0.427078
30.0002 777 34 10 G.711 2 0.01 0.0013196 0.0200025 993045 0.534071
30.0003 777 36 10 G.711 2 0.01 0.00188255 0.0199962 1.14874e+06 0.491738
30 777 38 10 G.711 2 0.01 0.00229797 0.0199963 1.01604e+06 0.573061
30.0002 777 40 10 G.711 2 0.01 0.00150092 0.0200003 918897 0.633782
