30.0002 777 2 10 G.711 2 0.001 0.00379058 242833
30.0002 777 4 10 G.711 2 0.001 0.00398154 212681
30.0001 777 6 10 G.711 2 0.001 0.00428382 205324
30 777 8 10 G.711 2 0.001 0.00514414 174944
30 777 10 10 G.711 2 0.001 0.00575038 164115
30.0002 777 12 10 G.711 2 0.001 0.00659916 139560
30.0002 777 14 10 G.711 2 0.001 0.00791708 107856
30.0001 777 16 10 G.711 2 0.001 0.0102829 94472.6
30.0001 777 18 10 G.711 2 0.001 0.0119646 77962.2
30 777 20 10 G.711 2 0.001 0.0205748 46948.6
30.0002 777 22 10 G.711 2 0.001 0.222343 13818.8
30.0001 777 24 10 G.711 2 0.001 0.0100448 3910.28
30 777 26 10 G.711 2 0.001 0.111887 4149.99
30 777 28 10 G.711 2 0.001 0.0254604 1358
30.0001 777 30 10 G.711 2 0.001 0.438537 1767.99
30.0002 777 32 10 G.711 2 0.001 0.00824695 2643.41
30.0003 777 34 10 G.711 2 0.001 0.551624 3083.11
30.0001 777 36 10 G.711 2 0.001 0.0115787 1086
30.0001 777 38 10 G.711 2 0.001 0.00978394 2351.42
30.0002 777 40 10 G.711 2 0.001 0.00690073 1802.56
