30.0002 777 2 10 G.711 2 0.001 0.000642994 0.0199983 126033 0
30.0002 777 4 10 G.711 2 0.001 0.000991998 0.0199991 254627 0.000358938
30.0001 777 6 10 G.711 2 0.001 0.000684769 0.0199927 376410 0
30 777 8 10 G.711 2 0.001 0.00104337 0.0199944 503314 0.00018162
30 777 10 10 G.711 2 0.001 0.00085548 0.0199966 629576 0
30.0002 777 12 10 G.711 2 0.001 0.000940269 0.0199941 753504 6.06649e-05
30.0002 777 14 10 G.711 2 0.001 0.00125308 0.0199888 879352 5.19832e-05
30.0001 777 16 10 G.711 2 0.001 0.00131277 0.0199957 1.00283e+06 0
30.0001 777 18 10 G.711 2 0.001 0.00111342 0.0199946 1.12964e+06 4.04662e-05
30 777 20 10 G.711 2 0.001 0.00183977 0.0199928 1.26363e+06 0.000108519
30.0002 777 22 10 G.711 2 0.001 0.0240038 0.0199981 1.38143e+06 0.00109084
30.0001 777 24 10 G.711 2 0.001 0.124905 0.0197578 1.50007e+06 0.00391585
30 777 26 10 G.711 2 0.001 0.10929 0.0198208 1.49481e+06 0.0843438
30 777 28 10 G.711 2 0.001 0.869448 0.0198375 1.66839e+06 0.0544098
30.0001 777 30 10 G.711 2 0.001 0.209594 0.0198446 1.55885e+06 0.175452
30.0002 777 32 10 G.711 2 0.001 0.580307 0.0198365 1.65155e+06 0.17889
30.0003 777 34 10 G.711 2 0.001 0.166025 0.0199609 1.5556e+06 0.270124
30.0001 777 36 10 G.711 2 0.001 1.38639 0.0204529 1.68237e+06 0.255638
30.0001 777 38 10 G.711 2 0.001 1.97084 0.021171 1.67789e+06 0.294954
30.0002 777 40 10 G.711 2 0.001 2.01651 0.0211225 1.67893e+06 0.330874
