30.0001 777 2 10 G.711 6 0 0.00367429 231718
30.0001 777 4 10 G.711 6 0 0.00412751 209460
30.0001 777 6 10 G.711 6 0 0.00450894 198230
30.0002 777 8 10 G.711 6 0 0.00556153 172156
30.0001 777 10 10 G.711 6 0 0.00621072 150169
30.0003 777 12 10 G.711 6 0 0.00712186 131101
30.0001 777 14 10 G.711 6 0 0.00928467 97205.8
30.0003 777 16 10 G.711 6 0 0.0139807 69893
30.0003 777 18 10 G.711 6 0 0.0194975 54944.3
30.0003 777 20 10 G.711 6 0 0.196123 2596.83
30.0002 777 22 10 G.711 6 0 0.122593 3284.84
30.0001 777 24 10 G.711 6 0 0.112565 4006.27
