30.0001 777 2 10 G.711 6 0 0.000789355 0.0199976 126034 0
30.0001 777 4 10 G.711 6 0 0.00125804 0.0199982 254628 0.000358938
30.0001 777 6 10 G.711 6 0 0.000829814 0.0199972 376410 0
30.0002 777 8 10 G.711 6 0 0.00135916 0.0199958 503310 0.00018162
30.0001 777 10 10 G.711 6 0 0.00118805 0.0199963 629575 0
30.0003 777 12 10 G.711 6 0 0.0012498 0.019996 753500 6.06649e-05
30.0001 777 14 10 G.711 6 0 0.00164121 0.0199934 879312 0.000103966
30.0003 777 16 10 G.711 6 0 0.00207024 0.0199963 1.00273e+06 9.11702e-05
30.0003 777 18 10 G.711 6 0 0.00211706 0.0199903 1.12963e+06 4.04662e-05
30.0003 777 20 10 G.711 6 0 2.75302 0.0256547 981703 0.223187
30.0002 777 22 10 G.711 6 0 3.86011 0.0290049 948154 0.314392
30.0001 777 24 10 G.711 6 0 4.9671 0.0337603 873872 0.419725
