10.0900420094
16.8264625537
9.51276519327
16.2724765654
289.883434357
-636.780024715
299.973476367
-619.953562161
611_1 1.02598011822
611_2 1.02119160538
611_3 1.0170998408
611_4 1.01367499197
611_5 1.01100083949
611_6 1.00866209304
611_7 1.0073647889
611_8 1.00702812336
611_9 1.00702812336
611_10 1.00702812336
611_11 1.00837507973
611_12 1.00824381836
611_13 1.01334042335
611_14 1.01676639939
611_15 1.02077846634
611_16 1.02495486042
611_17 1.0242119802
611_18 1.02388085546
611_19 1.02569795172
652_1 1.01228558792
652_2 1.00776649028
652_3 1.00400265111
652_4 1.00081556093
652_5 0.998207021882
652_6 0.995938196787
652_7 0.99472416644
652_8 0.994433116742
652_9 0.994433116742
652_10 0.994383205071
652_11 0.995514556337
652_12 0.995647502608
652_13 1.0005262863
652_14 1.00371429656
652_15 1.00734783332
652_16 1.01111521286
652_17 1.01028015788
652_18 1.00986254521
652_19 1.01186880389
646(1)_1 1.00668305216
646(1)_2 1.00166403664
646(1)_3 0.997322303069
646(1)_4 0.993743719429
646(1)_5 0.990930981874
646(1)_6 0.988460458269
646(1)_7 0.987102931003
646(1)_8 0.986809637506
646(1)_9 0.986675501452
646(1)_10 0.986759340788
646(1)_11 0.988033616946
646(1)_12 0.98811734082
646(1)_13 0.993319151979
646(1)_14 0.996899262008
646(1)_15 1.00132545004
646(1)_16 1.00568772996
646(1)_17 1.00511175289
646(1)_18 1.00482372332
646(1)_19 1.00634615641
646(2)_1 1.01029505475
646(2)_2 1.00561237091
646(2)_3 1.00155493636
646(2)_4 0.99812520205
646(2)_5 0.995375019079
646(2)_6 0.992915667723
646(2)_7 0.991564288031
646(2)_8 0.991272322712
646(2)_9 0.991222253942
646(2)_10 0.991138794687
646(2)_11 0.992490753924
646(2)_12 0.992574099425
646(2)_13 0.997785417552
646(2)_14 1.00126588485
646(2)_15 1.00527511769
646(2)_16 1.00938530897
646(2)_17 1.00881144743
646(2)_18 1.00852447609
646(2)_19 1.01000850502
645_1 1.00717731769
645_2 1.00248062689
645_3 0.998460635814
645_4 0.995070327321
645_5 0.992361665587
645_6 0.989944721919
645_7 0.988455200316
645_8 0.988162308989
645_9 0.988112081289
645_10 0.988028357028
645_11 0.989652272049
645_12 0.989652272049
645_13 0.994729493388
645_14 0.99812096118
645_15 1.00214231662
645_16 1.00621533129
645_17 1.00559028939
645_18 1.0053023971
645_19 1.00688987944
692(1)_1 1.01385977529
692(1)_2 1.00854154808
692(1)_3 1.00397807311
692(1)_4 1.00025508081
692(1)_5 0.997243368965
692(1)_6 0.994654643917
692(1)_7 0.993122029833
692(1)_8 0.992697183403
692(1)_9 0.992697183403
692(1)_10 0.992780515728
692(1)_11 0.994313657247
692(1)_12 0.994363572625
692(1)_13 0.99983327143
692(1)_14 1.0035578316
692(1)_15 1.00812321244
692(1)_16 1.01290413471
692(1)_17 1.01228321799
692(1)_18 1.0119972263
692(1)_19 1.01344363889
692(2)_1 1.02484587377
692(2)_2 1.01971606479
692(2)_3 1.01528404355
692(2)_4 1.01155270471
692(2)_5 1.0084919133
692(2)_6 1.0057673836
692(2)_7 1.00421888583
692(2)_8 1.00393060213
692(2)_9 1.00379875928
692(2)_10 1.00379875928
692(2)_11 1.00543018316
692(2)_12 1.00534790435
692(2)_13 1.01121743386
692(2)_14 1.01499890314
692(2)_15 1.0193023276
692(2)_16 1.0237709065
692(2)_17 1.02302710641
692(2)_18 1.0226147092
692(2)_19 1.02443420894
675(1)_1 1.01499748924
675(1)_2 1.00972985254
675(1)_3 1.00508495417
675(1)_4 1.00106565044
675(1)_5 0.997889238795
675(1)_6 0.995135550875
675(1)_7 0.993653688619
675(1)_8 0.993229068738
675(1)_9 0.993229068738
675(1)_10 0.993312356597
675(1)_11 0.994711564889
675(1)_12 0.994711564889
675(1)_13 1.00064418224
675(1)_14 1.00474751307
675(1)_15 1.00944313529
675(1)_16 1.01391209613
675(1)_17 1.01316109659
675(1)_18 1.01282635147
675(1)_19 1.01466335063
675(2)_1 1.01617273624
675(2)_2 1.01096450246
675(2)_3 1.00646002032
675(2)_4 1.00266237989
675(2)_5 0.999574207281
675(2)_6 0.996908030404
675(2)_7 0.995295651776
675(2)_8 0.994871743959
675(2)_9 0.994871743959
675(2)_10 0.994871743959
675(2)_11 0.996484809626
675(2)_12 0.996567822853
675(2)_13 1.00237364317
675(2)_14 1.00617237491
675(2)_15 1.01067814076
675(2)_16 1.01505610037
675(2)_17 1.01435494045
675(2)_18 1.01406953771
675(2)_19 1.01575755414
675(3)_1 1.02626747328
675(3)_2 1.02111408738
675(3)_3 1.0167061222
675(3)_4 1.01299785715
675(3)_5 1.00999189306
675(3)_6 1.00740355849
675(3)_7 1.00598940098
675(3)_8 1.00570162502
675(3)_9 1.00570162502
675(3)_10 1.00557001457
675(3)_11 1.00698476122
675(3)_12 1.00698476122
675(3)_13 1.01258137431
675(3)_14 1.01642138092
675(3)_15 1.02070091719
675(3)_16 1.02519405969
675(3)_17 1.02445135347
675(3)_18 1.02412030631
675(3)_19 1.02593701226
634(1)_1 1.00768637885
634(1)_2 1.00274006826
634(1)_3 0.998420802541
634(1)_4 0.994863788012
634(1)_5 0.992154880792
634(1)_6 0.989737756074
634(1)_7 0.988381971908
634(1)_8 0.987955091323
634(1)_9 0.98803882291
634(1)_10 0.988089055004
634(1)_11 0.989445241206
634(1)_12 0.989395078105
634(1)_13 0.994439694783
634(1)_14 0.998081110686
634(1)_15 1.00245135337
634(1)_16 1.0065930901
634(1)_17 1.00583662454
634(1)_18 1.00549944217
634(1)_19 1.00734981619
634(2)_1 1.00760890102
634(2)_2 1.00283100366
634(2)_3 0.998729576517
634(2)_4 0.995257668361
634(2)_5 0.992500581681
634(2)_6 0.990168478959
634(2)_7 0.988947377123
634(2)_8 0.98860442935
634(2)_9 0.988654631967
634(2)_10 0.988654631967
634(2)_11 0.989825954878
634(2)_12 0.989825954878
634(2)_13 0.994833748361
634(2)_14 0.998389993605
634(2)_15 1.00249281186
634(2)_16 1.00648274179
634(2)_17 1.00577559838
634(2)_18 1.0054877593
634(2)_19 1.0073215861
634(3)_1 1.01002642148
634(3)_2 1.00525584742
634(3)_3 1.00106136821
634(3)_4 0.997494909641
634(3)_5 0.994558671679
634(3)_6 0.991963399259
634(3)_7 0.990560528329
634(3)_8 0.99021814727
634(3)_9 0.990134603278
634(3)_10 0.99021814727
634(3)_11 0.9916215027
634(3)_12 0.991538077033
634(3)_13 0.997204680931
634(3)_14 1.00077217401
634(3)_15 1.00496786047
634(3)_16 1.0088534393
634(3)_17 1.00801652329
634(3)_18 1.00759797961
634(3)_19 1.00973979542
670(1)_1 1.00967344824
670(1)_2 1.0046533471
670(1)_3 1.00039082474
670(1)_4 0.996839517674
670(1)_5 0.994001816214
670(1)_6 0.991455362805
670(1)_7 0.990102030235
670(1)_8 0.989809621778
670(1)_9 0.989759476937
670(1)_10 0.989809621778
670(1)_11 0.991029806403
670(1)_12 0.991029806403
670(1)_13 0.996549089457
670(1)_14 0.999969077792
670(1)_15 1.00431576529
670(1)_16 1.00876306948
670(1)_17 1.00813960262
670(1)_18 1.007852436
670(1)_19 1.00933754801
670(2)_1 1.00989202572
670(2)_2 1.00482733949
670(2)_3 1.00060244967
670(2)_4 0.997220834741
670(2)_5 0.994602314998
670(2)_6 0.992324734438
670(2)_7 0.990922345128
670(2)_8 0.990496566272
670(2)_9 0.990580081602
670(2)_10 0.990580081602
670(2)_11 0.992032986898
670(2)_12 0.992032986898
670(2)_13 0.996880736774
670(2)_14 1.00018079775
670(2)_15 1.0044074636
670(2)_16 1.00885047997
670(2)_17 1.00814499955
670(2)_18 1.0078578376
670(2)_19 1.00960536096
670(3)_1 1.01491476327
670(3)_2 1.01013214199
670(3)_3 1.00592283468
670(3)_4 1.00228919249
670(3)_5 0.999233260309
670(3)_6 0.996516705543
670(3)_7 0.994987106135
670(3)_8 0.994563077724
670(3)_9 0.99464624944
670(3)_10 0.99464624944
670(3)_11 0.996093328485
670(3)_12 0.996176372353
670(3)_13 1.00200035291
670(3)_14 1.00563503896
670(3)_15 1.00984554611
670(3)_16 1.014009081
670(3)_17 1.01338882252
670(3)_18 1.01305415885
670(3)_19 1.01458060306
680(1)_1 1.01268361063
680(1)_2 1.00781255894
680(1)_3 1.00351616282
680(1)_4 1.00006061286
680(1)_5 0.997316366678
680(1)_6 0.994995060038
680(1)_7 0.993596513208
680(1)_8 0.993255163806
680(1)_9 0.993305132313
680(1)_10 0.993255163806
680(1)_11 0.994654191495
680(1)_12 0.994704089569
680(1)_13 0.999771119289
680(1)_14 1.0030957286
680(1)_15 1.0075252965
680(1)_16 1.01182508111
680(1)_17 1.01125259544
680(1)_18 1.01096631229
680(1)_19 1.01239773254
680(2)_1 1.01400910656
680(2)_2 1.00925742207
680(2)_3 1.00507954892
680(2)_4 1.00157658318
680(2)_5 0.998651737549
680(2)_6 0.996016783954
680(2)_7 0.994486380232
680(2)_8 0.994145344253
680(2)_9 0.994145344253
680(2)_10 0.99406212871
680(2)_11 0.995593185593
680(2)_12 0.99567627293
680(2)_13 1.00128753403
680(2)_14 1.0047421136
680(2)_15 1.00897057613
680(2)_16 1.01289008112
680(2)_17 1.01218741985
680(2)_18 1.0119014058
680(2)_19 1.01367464748
