8.60148304893
16.1070283396
8.25342537752
15.7614989343
224.681602271
-659.798489798
233.28308532
-643.691461458
611_1 1.02811633764
611_2 1.02462685115
611_3 1.02140386506
611_4 1.01873154932
611_5 1.01656260928
611_6 1.01464587529
611_7 1.01356874375
611_8 1.01329944599
611_9 1.01329944599
611_10 1.01328312022
611_11 1.01436055512
611_12 1.01436055512
611_13 1.01847985937
611_14 1.02113663398
611_15 1.02436046102
611_16 1.02727074264
611_17 1.02670688598
611_18 1.02642491911
611_19 1.02786694608
652_1 1.0139459641
652_2 1.01015141178
652_3 1.00688096752
652_4 1.00413630131
652_5 1.00191881406
652_6 0.999957227343
652_7 0.998831047757
652_8 0.998557766458
652_9 0.998557766458
652_10 0.998541199041
652_11 0.999684254375
652_12 0.999684254375
652_13 1.00388094556
652_14 1.0066098749
652_15 1.0098811983
652_16 1.01315393267
652_17 1.01263124389
652_18 1.01237803396
652_19 1.01367676349
646(1)_1 1.00787902277
646(1)_2 1.00402905887
646(1)_3 1.00075582256
646(1)_4 0.998028112889
646(1)_5 0.995863953068
646(1)_6 0.993957244376
646(1)_7 0.992890985058
646(1)_8 0.992632737285
646(1)_9 0.992632737285
646(1)_10 0.992599404984
646(1)_11 0.993682626082
646(1)_12 0.993665977566
646(1)_13 0.997754616364
646(1)_14 1.00046653734
646(1)_15 1.00374071806
646(1)_16 1.00706575673
646(1)_17 1.00652345979
646(1)_18 1.00625227492
646(1)_19 1.00759178484
646(2)_1 1.01135601279
646(2)_2 1.00753652399
646(2)_3 1.0042917492
646(2)_4 1.0016070313
646(2)_5 0.999450818237
646(2)_6 0.997584222654
646(2)_7 0.996505244445
646(2)_8 0.996231332837
646(2)_9 0.996231332837
646(2)_10 0.996231332837
646(2)_11 0.997327194558
646(2)_12 0.997327194558
646(2)_13 1.00133451555
646(2)_14 1.00401996229
646(2)_15 1.00724918913
646(2)_16 1.01051274746
646(2)_17 1.00993952664
646(2)_18 1.00965287579
646(2)_19 1.01108612517
645_1 1.00813574488
645_2 1.00428510612
645_3 1.00094516107
645_4 0.998167165799
645_5 0.995919498798
645_6 0.993929272216
645_7 0.992762882277
645_8 0.992471264466
645_9 0.992471264466
645_10 0.992471264466
645_11 0.993637997144
645_12 0.993654646133
645_13 0.99791028499
645_14 1.00065593062
645_15 1.00402979229
645_16 1.00737202188
645_17 1.00686276774
645_18 1.00660810852
645_19 1.00786499409
692(1)_1 1.01564046522
692(1)_2 1.01180369673
692(1)_3 1.00852287305
692(1)_4 1.0057833791
692(1)_5 1.00361954727
692(1)_6 1.00174413712
692(1)_7 1.00066962073
692(1)_8 1.00038030513
692(1)_9 1.00039684205
692(1)_10 1.00041337843
692(1)_11 1.00147165156
692(1)_12 1.00147165156
692(1)_13 1.0054955371
692(1)_14 1.00823581427
692(1)_15 1.01153392487
692(1)_16 1.01480077605
692(1)_17 1.0142462901
692(1)_18 1.01396085406
692(1)_19 1.01535542145
692(2)_1 1.0269296204
692(2)_2 1.02323377477
692(2)_3 1.02003914977
692(2)_4 1.0173634962
692(2)_5 1.01520815102
692(2)_6 1.01333792799
692(2)_7 1.01225940233
692(2)_8 1.01200610251
692(2)_9 1.01197340922
692(2)_10 1.01197340922
692(2)_11 1.0130685689
692(2)_12 1.01308489787
692(2)_13 1.0171114677
692(2)_14 1.01978778263
692(2)_15 1.02298319273
692(2)_16 1.02611533378
692(2)_17 1.02556698503
692(2)_18 1.02530083922
692(2)_19 1.02666382789
675(1)_1 1.01693948112
675(1)_2 1.01319026458
675(1)_3 1.00999622556
675(1)_4 1.00730995459
675(1)_5 1.00513277981
675(1)_6 1.0032271392
675(1)_7 1.00213768533
675(1)_8 1.00184879382
675(1)_9 1.00186530649
675(1)_10 1.00186530649
675(1)_11 1.00297155084
675(1)_12 1.00295505668
675(1)_13 1.00705540395
675(1)_14 1.00974235306
675(1)_15 1.01292086209
675(1)_16 1.01614976983
675(1)_17 1.01561233155
675(1)_18 1.01535986529
675(1)_19 1.01667107344
675(2)_1 1.01728077276
675(2)_2 1.01353339754
675(2)_3 1.0103246805
675(2)_4 1.00767267648
675(2)_5 1.0055295772
675(2)_6 1.00367434697
675(2)_7 1.0026184582
675(2)_8 1.00236271799
675(2)_9 1.00236271799
675(2)_10 1.00236271799
675(2)_11 1.00338590252
675(2)_12 1.00341887619
675(2)_13 1.00741822075
675(2)_14 1.01005451572
675(2)_15 1.01328041506
675(2)_16 1.01645876821
675(2)_17 1.01592149875
675(2)_18 1.01566911182
675(2)_19 1.01702872331
675(3)_1 1.02835491279
675(3)_2 1.02458261336
675(3)_3 1.02135931947
675(3)_4 1.01867053668
675(3)_5 1.01648516038
675(3)_6 1.01458454924
675(3)_7 1.01347467216
675(3)_8 1.01318902223
675(3)_9 1.01320534951
675(3)_10 1.01318902223
675(3)_11 1.01433183022
675(3)_12 1.01429921193
675(3)_13 1.01841883176
675(3)_14 1.02107587571
675(3)_15 1.02430006172
675(3)_16 1.0275417661
675(3)_17 1.0270102829
675(3)_18 1.02672839945
675(3)_19 1.02808948889
634(1)_1 1.00895512486
634(1)_2 1.00514183218
634(1)_3 1.00187172224
634(1)_4 0.999130017599
634(1)_5 0.996918131404
634(1)_6 0.994980017128
634(1)_7 0.993864863938
634(1)_8 0.993590217878
634(1)_9 0.993606867518
634(1)_10 0.993573567676
634(1)_11 0.99472231033
634(1)_12 0.994689047892
634(1)_13 0.998873382901
634(1)_14 1.00159927462
634(1)_15 1.00485380928
634(1)_16 1.00817560305
634(1)_17 1.00766675285
634(1)_18 1.00741229566
634(1)_19 1.0087009929
634(2)_1 1.00856300309
634(2)_2 1.00478191247
634(2)_3 1.00151125769
634(2)_4 0.998802230249
634(2)_5 0.996639765915
634(2)_6 0.99475114579
634(2)_7 0.993652407495
634(2)_8 0.99336105131
634(2)_9 0.993394358004
634(2)_10 0.993377704938
634(2)_11 0.994476747091
634(2)_12 0.994493381727
634(2)_13 0.99851237848
634(2)_14 1.00122219105
634(2)_15 1.00452672509
634(2)_16 1.00771739439
634(2)_17 1.00714257989
634(2)_18 1.00685513186
634(2)_19 1.00829236717
634(3)_1 1.0112872612
634(3)_2 1.00743367288
634(3)_3 1.00415485982
634(3)_4 1.00143618221
634(3)_5 0.999246101457
634(3)_6 0.997329148675
634(3)_7 0.996200025498
634(3)_8 0.995926029842
634(3)_9 0.995926029842
634(3)_10 0.995909419099
634(3)_11 0.997055463373
634(3)_12 0.997072054735
634(3)_13 1.00116361987
634(3)_14 1.00388303577
634(3)_15 1.00714630862
634(3)_16 1.010509547
634(3)_17 1.01000187732
634(3)_18 1.00974801062
634(3)_19 1.01103371732
670(1)_1 1.01094350925
670(1)_2 1.00708850798
670(1)_3 1.0038084856
670(1)_4 1.00105584111
670(1)_5 0.998865056249
670(1)_6 0.996964066083
670(1)_7 0.995884397813
670(1)_8 0.995610308706
670(1)_9 0.995610308706
670(1)_10 0.995626924566
670(1)_11 0.9966902743
670(1)_12 0.9966902743
670(1)_13 1.00076663989
670(1)_14 1.00355304808
670(1)_15 1.0068010419
670(1)_16 1.01013269225
670(1)_17 1.00957565071
670(1)_18 1.00930528466
670(1)_19 1.01067350937
670(2)_1 1.01088972607
670(2)_2 1.00705013189
670(2)_3 1.00373625815
670(2)_4 1.00094980692
670(2)_5 0.998708740122
670(2)_6 0.996757512939
670(2)_7 0.995644363778
670(2)_8 0.995370211207
670(2)_9 0.995370211207
670(2)_10 0.995370211207
670(2)_11 0.996483666976
670(2)_12 0.996483666976
670(2)_13 1.00067710953
670(2)_14 1.00346431881
670(2)_15 1.00677908859
670(2)_16 1.0101117042
670(2)_17 1.00960383356
670(2)_18 1.00934986634
670(2)_19 1.01063608214
670(3)_1 1.01620571904
670(3)_2 1.01235467563
670(3)_3 1.00907561258
670(3)_4 1.00633756379
670(3)_5 1.00415841415
670(3)_6 1.00226752525
670(3)_7 1.00119360116
670(3)_8 1.00093750013
670(3)_9 1.00092097288
670(3)_10 1.00090444508
670(3)_11 1.00199518923
670(3)_12 1.00197867916
670(3)_13 1.0060498865
670(3)_14 1.00880511483
670(3)_15 1.01206870905
670(3)_16 1.01538283493
670(3)_17 1.01484498742
670(3)_18 1.01457602815
670(3)_19 1.01593712008
680(1)_1 1.01423646846
680(1)_2 1.01039389602
680(1)_3 1.00710804466
680(1)_4 1.00438069613
680(1)_5 1.00216393108
680(1)_6 1.00021950636
680(1)_7 0.999143357059
680(1)_8 0.998886723073
680(1)_9 0.998870161403
680(1)_10 0.998870161403
680(1)_11 0.999930060805
680(1)_12 0.999930060805
680(1)_13 1.00412540266
680(1)_14 1.00683701331
680(1)_15 1.01012374753
680(1)_16 1.01342832405
680(1)_17 1.01290576864
680(1)_18 1.01263629133
680(1)_19 1.01395102989
680(2)_1 1.01489848303
680(2)_2 1.01099147432
680(2)_3 1.00765722336
680(2)_4 1.00486475508
680(2)_5 1.00258262124
680(2)_6 1.0005892087
680(2)_7 0.999463740171
680(2)_8 0.999174079351
680(2)_9 0.999174079351
680(2)_10 0.999174079351
680(2)_11 1.00029987417
680(2)_12 1.00029987417
680(2)_13 1.00460958786
680(2)_14 1.00738634297
680(2)_15 1.01070512095
680(2)_16 1.01409086613
680(2)_17 1.01355234058
680(2)_18 1.01329936346
680(2)_19 1.01464584168
