9.06907370291
16.3258718255
8.64536207846
15.9115521628
248.162203292
-651.561015768
257.231276995
-635.235143943
611_1 1.02763105885
611_2 1.02400788995
611_3 1.02065139168
611_4 1.01784598665
611_5 1.01557690607
611_6 1.01359284891
611_7 1.01248188298
611_8 1.01221229609
611_9 1.01219595278
611_10 1.01219595278
611_11 1.01332355764
611_12 1.01332355764
611_13 1.01757782112
611_14 1.02036775119
611_15 1.02374133878
611_16 1.02668824788
611_17 1.02607566112
611_18 1.02574513796
611_19 1.02734934573
652_1 1.01308421014
652_2 1.00890199311
652_3 1.00532656389
652_4 1.00229419797
652_5 0.99987254929
652_6 0.997740416245
652_7 0.996495326612
652_8 0.996154973939
652_9 0.996204796453
652_10 0.996154973939
652_11 0.997400489175
652_12 0.997466834964
652_13 1.00195581843
652_14 1.00505505088
652_15 1.00856583407
652_16 1.01214422413
652_17 1.01153921184
652_18 1.01126936954
652_19 1.01274944139
646(1)_1 1.00755159131
646(1)_2 1.00337999685
646(1)_3 0.999769045897
646(1)_4 0.996737266192
646(1)_5 0.994385969934
646(1)_6 0.992325779194
646(1)_7 0.99112409326
646(1)_8 0.99083199234
646(1)_9 0.99084868856
646(1)_10 0.99083199234
646(1)_11 0.992034032567
646(1)_12 0.992050708525
646(1)_13 0.996397003505
646(1)_14 0.999479474652
646(1)_15 1.00309146921
646(1)_16 1.00667217544
646(1)_17 1.00606383564
646(1)_18 1.00572673244
646(1)_19 1.00726425993
646(2)_1 1.01092479805
646(2)_2 1.00666755751
646(2)_3 1.00301840725
646(2)_4 0.999979514862
646(2)_5 0.99756927613
646(2)_6 0.995432634217
646(2)_7 0.994318016274
646(2)_8 0.994043501937
646(2)_9 0.994043501937
646(2)_10 0.994043501937
646(2)_11 0.995091929851
646(2)_12 0.995091929851
646(2)_13 0.999640360596
646(2)_14 1.00274627521
646(2)_15 1.0063964124
646(2)_16 1.01001562003
646(2)_17 1.00944211681
646(2)_18 1.00915532471
646(2)_19 1.01063842677
645_1 1.00772337177
645_2 1.00338305503
645_3 0.999603384459
645_4 0.996436113521
645_5 0.993899748559
645_6 0.991704559418
645_7 0.990435167294
645_8 0.990092735701
645_9 0.990092735701
645_10 0.990142862711
645_11 0.991362566901
645_12 0.991412629598
645_13 0.996095747698
645_14 0.999264098858
645_15 1.00311102004
645_16 1.00687707482
645_17 1.00631822345
645_18 1.00603053962
645_19 1.00738682426
692(1)_1 1.01493750009
692(1)_2 1.01073015519
692(1)_3 1.00707938443
692(1)_4 1.00403646366
692(1)_5 1.00166908711
692(1)_6 0.999574193438
692(1)_7 0.998397781991
692(1)_8 0.998124380746
692(1)_9 0.998058078646
692(1)_10 0.998107806052
692(1)_11 0.999284559435
692(1)_12 0.999284559435
692(1)_13 1.00369867191
692(1)_14 1.0067426153
692(1)_15 1.0104437239
692(1)_16 1.01406453308
692(1)_17 1.01346066848
692(1)_18 1.01319133821
692(1)_19 1.01466856218
692(2)_1 1.02627727049
692(2)_2 1.02210105644
692(2)_3 1.0185237805
692(2)_4 1.01554750395
692(2)_5 1.01310877493
692(2)_6 1.01100474279
692(2)_7 1.00977608087
692(2)_8 1.00944021952
692(2)_9 1.00948938418
692(2)_10 1.00944021952
692(2)_11 1.01066928984
692(2)_12 1.01073476189
692(2)_13 1.01527873126
692(2)_14 1.01819080535
692(2)_15 1.02176924731
692(2)_16 1.02533315152
692(2)_17 1.02467130467
692(2)_18 1.02434032829
692(2)_19 1.02594681232
675(1)_1 1.01611442566
675(1)_2 1.01197896953
675(1)_3 1.00838304376
675(1)_4 1.00541054797
675(1)_5 1.00306329022
675(1)_6 1.00105408689
675(1)_7 0.999862859068
675(1)_8 0.999589858705
675(1)_9 0.999573308328
675(1)_10 0.999523653887
675(1)_11 1.000781412
675(1)_12 1.000781412
675(1)_13 1.00512259796
675(1)_14 1.00809594412
675(1)_15 1.01170924363
675(1)_16 1.01516091539
675(1)_17 1.01454138354
675(1)_18 1.0142560299
675(1)_19 1.015780656
675(2)_1 1.01702352833
675(2)_2 1.01280913924
675(2)_3 1.00921551932
675(2)_4 1.00624483655
675(2)_5 1.00384955752
675(2)_6 1.00172616638
675(2)_7 1.00055235108
675(2)_8 1.00027954372
675(2)_9 1.00027954372
675(2)_10 1.00026300505
675(2)_11 1.0013875989
675(2)_12 1.0013875989
675(2)_13 1.00595712989
675(2)_14 1.00887946833
675(2)_15 1.01247428241
675(2)_16 1.01613612459
675(2)_17 1.01558237375
675(2)_18 1.01529731625
675(2)_19 1.01673887508
675(3)_1 1.02776577357
675(3)_2 1.02367776865
675(3)_3 1.02012311366
675(3)_4 1.01716851395
675(3)_5 1.01483193576
675(3)_6 1.01276429691
675(3)_7 1.01155415458
675(3)_8 1.01121888405
675(3)_9 1.01121888405
675(3)_10 1.01128432048
675(3)_11 1.01247844662
675(3)_12 1.01247844662
675(3)_13 1.016835095
675(3)_14 1.01979066093
675(3)_15 1.02341113159
675(3)_16 1.02683922697
675(3)_17 1.02624285565
675(3)_18 1.02591238649
675(3)_19 1.02748409749
634(1)_1 1.00836818238
634(1)_2 1.00416534014
634(1)_3 1.00057214768
634(1)_4 0.997524597983
634(1)_5 0.99502432619
634(1)_6 0.992814982752
634(1)_7 0.991563714942
634(1)_8 0.991221670531
634(1)_9 0.991221670531
634(1)_10 0.991288429801
634(1)_11 0.99254004517
634(1)_12 0.992473370245
634(1)_13 0.997250960696
634(1)_14 1.00029934523
634(1)_15 1.00382759593
634(1)_16 1.00740723445
634(1)_17 1.00673358438
634(1)_18 1.00639670351
634(1)_19 1.00803184824
634(2)_1 1.00829615347
634(2)_2 1.00407869437
634(2)_3 1.00053681652
634(2)_4 0.997557121739
634(2)_5 0.995157844648
634(2)_6 0.993099304785
634(2)_7 0.991915262441
634(2)_8 0.991623395025
634(2)_9 0.99164007789
634(2)_10 0.99164007789
634(2)_11 0.992807785896
634(2)_12 0.992807785896
634(2)_13 0.997266907553
634(2)_14 1.0002640067
634(2)_15 1.00374092351
634(2)_16 1.00745032034
634(2)_17 1.00687535321
634(2)_18 1.00658782883
634(2)_19 1.00802544587
634(3)_1 1.01090355583
634(3)_2 1.00684640522
634(3)_3 1.00336438016
634(3)_4 1.00044294471
634(3)_5 0.99808370255
634(3)_6 0.996014483481
634(3)_7 0.994783970019
634(3)_8 0.994443043228
634(3)_9 0.994509584221
634(3)_10 0.994509584221
634(3)_11 0.995723822995
634(3)_12 0.995740436832
634(3)_13 1.00017011171
634(3)_14 1.00309234192
634(3)_15 1.00655887331
634(3)_16 1.01001068874
634(3)_17 1.00938800116
634(3)_18 1.0091011936
634(3)_19 1.01056806861
670(1)_1 1.01032243244
670(1)_2 1.00599427717
670(1)_3 1.0022417643
670(1)_4 0.999116542591
670(1)_5 0.996603943063
670(1)_6 0.994431595704
670(1)_7 0.993215766375
670(1)_8 0.992924277629
670(1)_9 0.992924277629
670(1)_10 0.992924277629
670(1)_11 0.994090538259
670(1)_12 0.99415710479
670(1)_13 0.998843341065
670(1)_14 1.00190336961
670(1)_15 1.00570649751
670(1)_16 1.00941261183
670(1)_17 1.00878951772
670(1)_18 1.00845332359
670(1)_19 1.00998674901
670(2)_1 1.01062269827
670(2)_2 1.00641520192
670(2)_3 1.0028817166
670(2)_4 0.999925598138
670(2)_5 0.997531981135
670(2)_6 0.995478289815
670(2)_7 0.994280390921
670(2)_8 0.993989218491
670(2)_9 0.994005861611
670(2)_10 0.993939285767
670(2)_11 0.995187468305
670(2)_12 0.995187468305
670(2)_13 0.99963607204
670(2)_14 1.00259304515
670(2)_15 1.00607821603
670(2)_16 1.00972965849
670(2)_17 1.00917238889
670(2)_18 1.00888551953
670(2)_19 1.01035261438
670(3)_1 1.01579690681
670(3)_2 1.01166137945
670(3)_3 1.00814731713
670(3)_4 1.00520759952
670(3)_5 1.00287680737
670(3)_6 1.00088412209
670(3)_7 0.999792151125
670(3)_8 0.999519140587
670(3)_9 0.999519140587
670(3)_10 0.999519140587
670(3)_11 1.00059487664
670(3)_12 1.00061140955
670(3)_13 1.00487021032
670(3)_14 1.00786015658
670(3)_15 1.01132614384
670(3)_16 1.01485941119
670(3)_17 1.01425598874
670(3)_18 1.01392161121
670(3)_19 1.0155119098
680(1)_1 1.01343468272
680(1)_2 1.00905126387
680(1)_3 1.00520896124
680(1)_4 1.00194271835
680(1)_5 0.99935344573
680(1)_6 0.997103494692
680(1)_7 0.995741159419
680(1)_8 0.995400548264
680(1)_9 0.995400548264
680(1)_10 0.995400548264
680(1)_11 0.996829738194
680(1)_12 0.996763349884
680(1)_13 1.00160421975
680(1)_14 1.00492095425
680(1)_15 1.00878075483
680(1)_16 1.01260950557
680(1)_17 1.01205381683
680(1)_18 1.01176776146
680(1)_19 1.01310002994
680(2)_1 1.01462402372
680(2)_2 1.01026555724
680(2)_3 1.00657854366
680(2)_4 1.00346678599
680(2)_5 1.00098150723
680(2)_6 0.998785421545
680(2)_7 0.997541670719
680(2)_8 0.997268039412
680(2)_9 0.99720168149
680(2)_10 0.99720168149
680(2)_11 0.998512131505
680(2)_12 0.9984458564
680(2)_13 1.00312880756
680(2)_14 1.00629093318
680(2)_15 1.00992985679
680(2)_16 1.01373446838
680(2)_17 1.01313041419
680(2)_18 1.01286099936
680(2)_19 1.01435500578
