10.0001 777 15 10 G.711 2 0.001 0.0104564 15660.7
10.0001 777 15 10 G.711 2 0.001 0.00791714 19333.8
10.0003 777 15 10 G.711 2 0.001 0.0550307 16329.3
10.0003 777 15 10 G.711 2 0.001 0.0133539 99811.4
10 777 15 10 G.711 2 0.001 0.0106139 108240
10.0001 777 15 10 G.711 2 0.001 0.0102314 124384
10.0001 777 15 10 G.711 2 0.001 0.0127437 106015
10.0003 777 15 10 G.711 2 0.001 0.0145766 78309.1
10.0001 777 15 10 G.711 2 0.001 0.0121402 90344.8
10.0001 777 15 10 G.711 2 0.001 0.00862934 111996
10.0001 777 15 10 G.711 2 0.001 0.00907688 131434
10.0001 777 15 10 G.711 2 0.001 0.00905351 116199
10.0002 777 15 10 G.711 2 0.001 0.00759531 128834
