10.0001 777 15 10 G.711 2 0.001 0.0395451 0.0206392 868465 0.0362216 4
10.0001 777 15 10 G.711 2 0.001 0.0388118 0.0200949 900948 0.0114115 5
10.0003 777 15 10 G.711 2 0.001 0.0595419 0.0196783 827006 0.0751476 6
10.0003 777 15 10 G.711 2 0.001 0.00176441 0.0199762 898208 0.000178094 7
10 777 15 10 G.711 2 0.001 0.0011065 0.0199824 904795 0 8
10.0001 777 15 10 G.711 2 0.001 0.00137306 0.0199847 900946 0.000177557 9
10.0001 777 15 10 G.711 2 0.001 0.0021742 0.0199832 901266 0.000354925 10
10.0003 777 15 10 G.711 2 0.001 0.0033928 0.0199875 889407 0.000898634 11
10.0001 777 15 10 G.711 2 0.001 0.00199529 0.019986 908948 0 12
10.0001 777 15 10 G.711 2 0.001 0.00154646 0.0199716 887353 0.00036049 13
10.0001 777 15 10 G.711 2 0.001 0.00147382 0.0199779 891668 0 14
10.0001 777 15 10 G.711 2 0.001 0.00156061 0.0199836 894707 0 15
10.0002 777 15 10 G.711 2 0.001 0.00131922 0.0199825 909102 0.000175963 16
