5.89554 777 4 0 G.711 2 0.001504 0 0
30.0036 777 2 0 G.711 2 0.001504 0 0
2.28666 777 24 0 G.711 2 0.001504 0 0
16.4062 777 8 0 G.711 2 0.001504 0 0
29.4234 777 6 0 G.711 2 0.001504 0 0
30.0036 777 2 0 G.711 2 0.001504 0 0
30.0056 777 4 0 G.711 2 0.001504 0 0
30.0011 777 6 0 G.711 2 0.001504 0 0
30.004 777 8 0 G.711 2 0.001504 0 0
30.0039 777 10 0 G.711 2 0.001504 0 0
30.0002 777 12 0 G.711 2 0.001504 0 0
30.0001 777 14 0 G.711 2 0.001504 0 0
30.0005 777 16 0 G.711 2 0.001504 0 0
30.0001 777 18 0 G.711 2 0.001504 0 0
30.0001 777 20 0 G.711 2 0.001504 0 0
30.0001 777 22 0 G.711 2 0.001504 0 0
30.0006 777 26 0 G.711 2 0.001504 0 0
30.0003 777 24 0 G.711 2 0.001504 0 0
30 777 28 0 G.711 2 0.001504 0 0
30.0002 777 30 0 G.711 2 0.001504 0 0
