30.0036 777 2 0 G.711 2 0.001504 0.000421386 0.0199987 125013 0.000365497
30.0056 777 4 0 G.711 2 0.001504 0.000421716 0.0199987 250510 0.000182415
30.0011 777 6 0 G.711 2 0.001504 0.000475685 0.0199987 376350 0.000121448
30.004 777 8 0 G.711 2 0.001504 0.000428211 0.0199986 502420 9.0967e-05
30.0039 777 10 0 G.711 2 0.001504 0.000534811 0.0199986 630129 7.25321e-05
30.0002 777 12 0 G.711 2 0.001504 0.000896098 0.0199985 755559 0.000120992
30.0001 777 14 0 G.711 2 0.001504 0.00196952 0.0199982 879998 0.00015582
30.0005 777 16 0 G.711 2 0.001504 0.000586347 0.0199983 1.00647e+06 4.54174e-05
30.0001 777 18 0 G.711 2 0.001504 0.000713089 0.0199982 1.13385e+06 4.03161e-05
30.0001 777 20 0 G.711 2 0.001504 0.000938602 0.0199987 1.19387e+06 0.0473828
30.0001 777 22 0 G.711 2 0.001504 0.00150961 0.0199979 1.26102e+06 0.089634
30.0003 777 24 0 G.711 2 0.001504 0.00164982 0.0199996 1.22024e+06 0.193102
30.0006 777 26 0 G.711 2 0.001504 0.00071232 0.02001 830200 0.491388
30 777 28 0 G.711 2 0.001504 0.00169261 0.0200027 1.20361e+06 0.318255
30.0002 777 30 0 G.711 2 0.001504 0.00118783 0.0200077 1.07826e+06 0.428402
