30.0002 777 2 10 G.711 4 0 0.0036609 234932
30.0002 777 4 10 G.711 4 0 0.00423074 214551
30 777 6 10 G.711 4 0 0.00426799 201013
30.0002 777 8 10 G.711 4 0 0.00503457 163907
30 777 10 10 G.711 4 0 0.00594937 152129
30 777 12 10 G.711 4 0 0.00689121 138630
30.0001 777 14 10 G.711 4 0 0.00892193 103889
30 777 16 10 G.711 4 0 0.0116445 86833.1
30 777 18 10 G.711 4 0 0.0154676 61977.7
30.0003 777 20 10 G.711 4 0 0.0358298 13649.3
30 777 22 10 G.711 4 0 0.0145967 2648
30.0002 777 24 10 G.711 4 0 0.00537766 3984.26
