30.0002 777 2 10 G.711 4 0 0.00072461 0.0199988 126033 0
30.0002 777 4 10 G.711 4 0 0.00111776 0.0199973 254627 0.000358938
30 777 6 10 G.711 4 0 0.000754262 0.019997 376411 0
30.0002 777 8 10 G.711 4 0 0.00118275 0.0199959 503310 0.00018162
30 777 10 10 G.711 4 0 0.00104936 0.0199947 629577 0
30 777 12 10 G.711 4 0 0.00108118 0.0199951 753508 6.06649e-05
30.0001 777 14 10 G.711 4 0 0.00140731 0.0199947 879312 0.000103966
30 777 16 10 G.711 4 0 0.00163076 0.0199953 1.00279e+06 4.55851e-05
30 777 18 10 G.711 4 0 0.00145748 0.0199954 1.12964e+06 4.04662e-05
30.0003 777 20 10 G.711 4 0 0.524177 0.0219801 1.14874e+06 0.091011
30 777 22 10 G.711 4 0 3.36832 0.0276918 997714 0.27856
30.0002 777 24 10 G.711 4 0 2.70202 0.026072 964291 0.359682
