30.0095 777 2 0 G723.1 2 0 0 0
30.0028 777 4 0 G723.1 2 0 0 0
30 777 6 0 G723.1 2 0 0 0
30.0042 777 8 0 G723.1 2 0 0 0
30.0065 777 10 0 G723.1 2 0 0 0
30.0025 777 12 0 G723.1 2 0 0 0
30.0002 777 14 0 G723.1 2 0 0 0
30.0023 777 16 0 G723.1 2 0 0 0
30.0002 777 18 0 G723.1 2 0 0 0
30.0007 777 20 0 G723.1 2 0 0 0
30.0001 777 22 0 G723.1 2 0 0 0
30.0003 777 24 0 G723.1 2 0 0 0
30 777 26 0 G723.1 2 0 0 0
30.0003 777 28 0 G723.1 2 0 0 0
30.0001 777 30 0 G723.1 2 0 0 0
30.0001 777 32 0 G723.1 2 0 0 0
30.0002 777 34 0 G723.1 2 0 0 0
30.0009 777 36 0 G723.1 2 0 0 0
30 777 38 0 G723.1 2 0 0 0
30 777 40 0 G723.1 2 0 0 0
30.0002 777 42 0 G723.1 2 0 0 0
30 777 44 0 G723.1 2 0 0 0
30.0002 777 46 0 G723.1 2 0 0 0
30.0002 777 48 0 G723.1 2 0 0 0
30 777 50 0 G723.1 2 0 0 0
