30.0095 777 2 0 G723.1 2 0 0.000311902 0.0303015 12372.9 0.00055371
30.0028 777 4 0 G723.1 2 0 0.000390318 0.030301 24792.9 0.000276472
30 777 6 0 G723.1 2 0 0.000429869 0.0303011 37247.9 0.00018406
30.0042 777 8 0 G723.1 2 0 0.000325252 0.0303007 49720.5 0.000137874
30.0065 777 10 0 G723.1 2 0 0.000344859 0.0303008 62365 0.000109914
30.0025 777 12 0 G723.1 2 0 0.000332824 0.0303011 74777.4 9.16842e-05
30.0002 777 14 0 G723.1 2 0 0.000389412 0.0303008 87112.5 7.87092e-05
30.0023 777 16 0 G723.1 2 0 0.000742196 0.0303009 99619.1 6.88231e-05
30.0002 777 18 0 G723.1 2 0 0.000355605 0.0303008 112237 6.10911e-05
30.0007 777 20 0 G723.1 2 0 0.000461679 0.0303002 124029 5.52822e-05
30.0001 777 22 0 G723.1 2 0 0.00069124 0.0303009 137087 0
30.0003 777 24 0 G723.1 2 0 0.000517456 0.0302999 149655 4.58169e-05
30 777 26 0 G723.1 2 0 0.00114825 0.0303 161568 8.48752e-05
30.0003 777 28 0 G723.1 2 0 0.000654976 0.0303006 174746 3.92388e-05
30.0001 777 30 0 G723.1 2 0 0.00100783 0.0303 186706 7.34484e-05
30.0001 777 32 0 G723.1 2 0 0.00139069 0.0302993 199227 3.44175e-05
30.0002 777 34 0 G723.1 2 0 0.00227067 0.0303005 211542 0.000259252
30.0009 777 36 0 G723.1 2 0 0.00107589 0.0302997 223337 3.07012e-05
30 777 38 0 G723.1 2 0 3.97888 0.0454722 157680 0.334096
30 777 40 0 G723.1 2 0 4.34196 0.0475628 158564 0.363186
30.0002 777 42 0 G723.1 2 0 4.35493 0.047568 158412 0.393378
30 777 44 0 G723.1 2 0 3.36282 0.0420912 161780 0.409732
30.0002 777 46 0 G723.1 2 0 3.74083 0.0440222 162938 0.430332
30.0002 777 48 0 G723.1 2 0 4.00617 0.0458949 160374 0.462407
30 777 50 0 G723.1 2 0 3.97243 0.0444137 162219 0.479391
