30.0036 777 2 0 G.729A 2 0 0.000308368 0.0199987 15626.6 0.000365497
30.0056 777 4 0 G.729A 2 0 0.000308679 0.0199987 31313.8 0.000182415
30.0011 777 6 0 G.729A 2 0 0.000345835 0.0199987 47043.8 0.000121448
30.004 777 8 0 G.729A 2 0 0.000303463 0.0199986 62802.5 9.0967e-05
30.0039 777 10 0 G.729A 2 0 0.000391445 0.0199986 78766.1 7.25321e-05
30.0001 777 12 0 G.729A 2 0 0.000700821 0.0199985 94445.2 0.000120992
30.0001 777 14 0 G.729A 2 0 0.00110721 0.0199983 110017 0
30.0005 777 16 0 G.729A 2 0 0.00042846 0.0199983 125809 4.54174e-05
30 777 18 0 G.729A 2 0 0.000382462 0.019998 141737 0
30.0001 777 20 0 G.729A 2 0 0.00107473 0.0199982 156651 3.64764e-05
30.0002 777 22 0 G.729A 2 0 0.00102988 0.0199981 173130 9.90066e-05
30 777 24 0 G.729A 2 0 2.0093 0.0252372 149686 0.208156
30.0002 777 26 0 G.729A 2 0 3.45501 0.0280838 145199 0.288355
30.0001 777 28 0 G.729A 2 0 3.7443 0.0295136 144257 0.346323
30 777 30 0 G.729A 2 0 4.00222 0.029242 140011 0.406228
