30 777 2 10 G.711 0 0 0.00366743 239949
30 777 4 10 G.711 0 0 0.00410902 222052
30.0001 777 6 10 G.711 0 0 0.00417626 205102
30.0001 777 8 10 G.711 0 0 0.0050304 181270
30 777 10 10 G.711 0 0 0.00526814 170306
30.0001 777 12 10 G.711 0 0 0.00620643 148082
30.0002 777 14 10 G.711 0 0 0.00711271 119259
30 777 16 10 G.711 0 0 0.00911271 104708
30.0001 777 18 10 G.711 0 0 0.0163963 69442.1
30.0001 777 20 10 G.711 0 0 0.0174261 52922
30 777 22 10 G.711 0 0 0.00974638 4260.85
30.0001 777 24 10 G.711 0 0 0.00787133 3329.99
