30 777 2 10 G.711 0 0 0.00057081 0.0199988 126034 0
30 777 4 10 G.711 0 0 0.000863026 0.0199978 254674 0.000179469
30.0001 777 6 10 G.711 0 0 0.000606575 0.0199952 376410 0
30.0001 777 8 10 G.711 0 0 0.000916901 0.0199959 503359 9.081e-05
30 777 10 10 G.711 0 0 0.000720794 0.0199969 629577 0
30.0001 777 12 10 G.711 0 0 0.000828951 0.0199962 753505 6.06649e-05
30.0002 777 14 10 G.711 0 0 0.00107024 0.0199969 879354 5.19832e-05
30 777 16 10 G.711 0 0 0.00110496 0.0199951 1.00283e+06 0
30.0001 777 18 10 G.711 0 0 0.00198501 0.0199955 1.13101e+06 8.08309e-05
30.0001 777 20 10 G.711 0 0 0.0016451 0.0199936 1.25737e+06 7.27088e-05
30 777 22 10 G.711 0 0 1.56622 0.02355 1.16983e+06 0.151553
30.0001 777 24 10 G.711 0 0 3.349 0.0274253 1.05289e+06 0.301256
